0 1 100
0 2 100
0 3 100
1 4 80
1 5 80
2 6 80
2 7 80
3 8 80
3 9 80
4 10 80
5 11 80
6 12 80
7 13 80
8 14 80
9 15 80
10 16 80
11 16 80
12 17 80
13 17 80
14 18 80
15 18 80
16 19 80
17 19 80
18 19 80
16 20 70
18 21 60
20 22 70
20 23 70
22 26 70
22 27 70
26 34 70
27 35 70
34 42 70
5 42 70
42 46 70
23 28 70
23 29 70
28 36 70
29 37 70
36 43 70
37 43 70
43 46  70
46 48  70
21 24  60
21 25  60
24 30 60
24 31 60
30 38  60
31 39 60
38 44 60
39 44  60
44 47 60
25 32 60
25 33 60
32 40 60
33 41 60
40 45 60
41 45 60
45 47 60
47 48 60
19 48 80
