0 1 1
1 0 1
1 2 1
1 8 2
2 8 1
2 1 1
2 3 1
2 9 2
3 9 1
3 2 1
3 8 2
5 11 1
8 2 1
8 14 1
8 9 1
8 1 2
8 3 2
8 13 2
9 3 1
9 8 1
9 2 2
9 14 2
11 5 1
11 17 1
12 13 1
12 19 2
13 19 1
13 12 1
13 14 1
13 8 2
13 20 2
14 8 1
14 20 1
14 13 1
14 9 2
14 19 2
14 21 2
17 11 1
17 23 1
17 22 2
19 13 1
19 20 1
19 12 2
19 14 2
20 14 1
20 19 1
20 13 2
20 21 1
21 20 1
21 22 1
22 28 1
22 23 1
22 17 2
22 29 2
23 17 1
23 29 1
23 22 1
23 28 2
24 30 1
28 22 1
28 34 1
28 29 1
28 23 2
28 33 2
28 35 2
29 23 1
29 35 1
29 28 1
29 22 1
29 34 2
30 24 2
32 33 1
33 32 1
33 34 1
33 28 2
34 28 1
34 33 1
34 35 1
34 29 2
35 29 1
35 34 1
35 28 2